0.010552695075858933 0.05363667229069219 0.05237331044763948 0.004847478103292101 0.035674273996693734 0.0027044750553345148 0.15817089833977832 0.0025546159267089397 0.008819169393970268 0.03878827279609079 0.005973344250299838 -1.3010426069826053e-18 0.031375241011986396 0.010689960732244048 0.38768053155460636 0.05788877629520628 0.01395437362457361 0.06593290804059936 0.009554085331560866 0.01117288762463451 0.0196293098677097 0.0009181516158260326 0.017108568624692917
0.0006360833137822389 0.0014879306435393869 0.0021745744844305914 8.812246778801269e-05 4.039569830694388e-05 8.673617379884035e-18 0.9854129850452538 -1.2576745200831851e-17 0.0005162762917683451 0.0006108408844251317 0.0003055994038776294 9.324138683375338e-18 0.0007510544774996103 0.00012043902643364517 0.0027526967916727436 0.0010024395367483133 0.0005335188344592345 0.0008486098150033428 0.00034158957064386875 0.000703180128694969 0.00048206666750047825 8.519179947962452e-05 0.001106405118702563
5.336812144154934e-05 2.9648956355141087e-05 2.9648956355668443e-05 2.9648956356334577e-05 -3.2959746043559335e-16 -8.413408858487514e-17 5.336812144746128e-05 -1.2576745200831851e-17 4.659121713121439e-05 5.929791271387652e-05 0.00010984232402601671 3.3176586478056436e-17 0.00011464263124233431 7.624017348851e-05 7.632783294297951e-16 0.008923635530609007 2.964895635561987e-05 1.9765970905576136e-05 0.9839217375892988 0.00635466980047214 2.9648956357715417e-05 1.1058862159352145e-16 0.00011859582542731936
0.024569366234132917 0.014971578361927904 0.04854830805925103 0.008312855016381404 0.022762803996654063 0.0032858401610072374 0.09656988433881034 0.006728786573747803 0.019168164540845613 0.050257046227730424 0.007965948448263576 3.469446951953614e-18 0.0766211419698688 0.01120493934878088 0.01356794581195445 0.4447148899552862 0.03997646157134323 0.021251251699141445 0.024375519273734367 0.022297576793564835 0.022777429481726116 0.0023498489260763244 0.01772241320976987
0.005101538431057252 0.0022418783860416944 0.01363628616488842 0.017304317006834498 0.0021690094802220396 0.0004077789318063295 0.02192293044696242 0.0014035087719298123 0.009817639771872413 0.07353660577916932 0.010063076596257492 4.5319650809894085e-17 0.6578565175819209 0.005127195459002955 0.002563405744184743 0.007642222173114277 0.01180186581788345 0.0013739663167588352 0.047823148120632125 0.07298995520963512 0.027319212273446136 0.0021558837805977504 0.005742057755787663
0.040313494592668454 0.0053336695566630205 0.054763000752690846 0.048583039847382437 0.02291698872299385 0.004180578728316484 0.02086981470392571 0.0016941131932613953 0.026467747595853484 0.020049181883909785 0.014385149625961241 4.732159757713395e-05 0.06809354835871033 0.0271917288585417 0.008314941188350251 0.06159503752535966 0.017217727233573 0.008898708829500938 0.43118770825469976 0.08070347436635086 0.012529354342283189 0.005616097199919948 0.019047573041506324
0.005703657037096764 0.04829281976659944 0.7296762206952708 0.0033864424194990066 0.006727822416288808 0.004489182966506529 0.018630192036261567 0.0027100012793363796 0.007583030331539006 0.016946080020976077 0.006064084472129257 0.0006016500267538253 0.0243487426082718 0.0027240396850745172 0.028223304116177968 0.01932722865134487 0.013666015349371625 0.026414187986557307 0.006570313181619353 0.009503296852008604 0.007105556354997371 0.0005819936832392953 0.010724138063077603
0.013451092559100174 0.03006434815690638 0.35623586653995976 0.007171829080193842 0.004450337141363158 0.0022385677850580168 0.3539747637476305 0.0004550080755030719 0.005307846771522469 0.026937658789169712 0.006374331646826922 0.0010522155201455692 0.03245944790601536 0.004036123393890121 0.03707128307392759 0.02686073207582866 0.012659880072492406 0.027393758341765342 0.010705827256504097 0.014420455933435529 0.009639172326084888 0.0008137040223377067 0.016225749784338685
0.020131563004034424 0.009707745495010078 0.04990244398790159 0.022703401642159178 0.0071976132033852265 0.005899343545128341 0.034891376443355715 0.0014639419101361265 0.03720456471271968 0.036240716038997214 0.3265556564214831 0.0 0.08264267899186897 0.010609612019607294 0.01143056836203005 0.03918699363826131 0.10189000848268331 0.012523199027899504 0.062113389490737386 0.0696103031560545 0.027229500069878093 0.0023390205421649646 0.02852635981450378
0.010382352141495587 0.231704210169418 0.31675036800175355 0.006827481817592167 0.019345305849179928 0.005334201998968039 0.10106175719361929 0.0007364913800725508 0.016495632094327053 0.0230290126513268 0.00998694287581985 0.0010555603220213984 0.046097866834623 0.010642125310564937 0.03790916301676288 0.027808371632310657 0.013693861956036533 0.05081713183369244 0.012826497692702346 0.02014148802094805 0.016600916932060516 0.0009591579254349953 0.019794102349269413
0.012884677166007944 0.004542735560601079 0.02863361386915566 0.017008738313490247 0.002512851218472544 0.0011555149647165368 0.010183890958640807 0.0010574033133204628 0.008696154149290928 0.009743585019928086 0.007099112710479487 3.251186683140054e-05 0.20710625476179845 0.008197789857439318 0.0034020558286604885 0.16624815288883907 0.020897406625504666 0.002085396154312257 0.03731363481861573 0.4376202460617657 0.008309960413317176 0.0010725837279091746 0.004195729750896739
0.04958813747585404 0.006786116944716099 0.03214523284378543 0.06425176762906049 0.0022103961393462983 0.0008283524534850159 0.03762893123329539 0.001538239898292287 0.007180086542897195 0.6066868281225856 0.005812084490894294 -2.168404344971009e-19 0.06757565488870318 0.0021103819073378252 0.013928231874869482 0.021200352645365364 0.01515861572582522 0.0037756935458534632 0.009206276116793005 0.011224439406738493 0.007893990206384897 0.022224672831309782 0.011045517076606604
0.036109738687286966 0.015039171280455371 0.06894537899234905 0.04971740362638818 0.016399842015432375 0.007558448942048082 0.05741234951873603 0.0075910758823953765 0.037060031422725584 0.12997419876133293 0.030383152060179493 0.0006112284447843105 0.25734212511441557 0.021645780247219984 0.025484064016041502 0.03962346231056127 0.040225757170847705 0.017987881361793023 0.036109933550727114 0.03662327499524228 0.03457569094583829 0.009464586931376546 0.024115423721822668
0.006692165360394454 0.01572565596286815 0.03430423609591523 0.003559596102843147 0.026231150061048536 0.0010122161446429099 0.2609866394248084 0.013193118249003684 0.36120532269151334 0.010419192618961605 0.007550597875651859 5.821399464430127e-05 0.022654767842936505 0.001577196041045218 0.013610726896770356 0.011445029964272227 0.028350094810622634 0.0036978979723072125 0.08966440190217831 0.03616048990547903 0.039544749466825874 0.0007937750599776492 0.011562765555286715
0.0026058304708559063 0.64948440538049 0.08775476375845898 0.0015563101301641537 0.0021205630501046424 8.084727948904974e-05 0.11868065460769955 0.0001414827391058198 0.009633715024207415 0.006803509010639558 0.002730925460127499 -1.951563910473908e-18 0.014104990463224318 0.002933653782550236 0.024394207628503056 0.016584365926471077 0.005557225739738502 0.03251056228560477 0.003638654466328217 0.004415145629067661 0.007510283528959244 0.00070741369552914 0.006050489942680053
0.46413052293641155 0.0118576776428468 0.044311191353176155 0.08420283218538402 0.0012904398400581576 0.0018620934378840656 0.038842683730906324 0.005008784684357193 0.013038706113951444 0.1272765478190778 0.00757310815925865 0.00013631406761177762 0.05311010176059229 0.01563905923229804 0.006727856537016772 0.020508080009170464 0.0162607703092981 0.0031484222187602544 0.009465664591073161 0.037222564785269294 0.007020160864217497 0.01577966139034844 0.015586756331031112
0.009621037539229091 0.041501328756256686 0.045357097599335434 0.0020244648495171165 0.001977911532588174 0.0006261700650709392 0.69475290861266 2.9955494693585704e-05 0.00953263197771009 0.022183610141456016 0.003960766469243142 2.662710639431804e-05 0.024057631853449432 0.0020990650013906287 0.051278191353985404 0.028919499644384315 0.007845268479349791 0.016583785643604514 0.006458186899632845 0.009307243410432965 0.007308683970341418 0.0009700956933975529 0.013577837905874694
0.006597802376311072 0.01186794849075562 0.011135956908015873 0.0021689324320903463 0.0034696378994624544 0.0011817738791423107 0.024218696751591218 0.001238628979857042 0.008676230770528945 0.009185896137650654 0.007546849149016299 0.0007866889445836945 0.29090586008800695 0.014628901799954453 0.008799223437381234 0.015606856999400738 0.03148412391510946 0.00869740639477485 0.006116300853142659 0.01764344795498043 0.5130253468295278 0.000943646996278587 0.004073842012438458
0.002630757555390672 0.06160036534423862 0.08593685849071542 0.0017280113745157966 0.030462840650054786 0.0011762313384408982 0.07378719593032718 -1.0191500421363742e-17 0.0075810277695416255 0.009324639258298288 0.0034382503365405458 0.00014613473622679927 0.022359433490993966 0.010261569670497656 0.05212955680290783 0.014247542229477925 0.00593940734745857 0.5783100262919774 0.004501934467438767 0.005743972237573405 0.018150705283504074 0.0001461347362268022 0.010397404657651814
0.01159893640560474 0.015143806585712082 0.04911151217374195 0.007566986907107162 0.008671148056923926 0.0040957216873165215 0.04804794418669103 0.001977234742990547 0.03333205596786094 0.019058193204839938 0.014218857551292874 0.0003108421750663116 0.1554185478887818 0.008364522211504981 0.010164110381974279 0.014827516506293749 0.014292678406453367 0.005563967094871312 0.018716231485627816 0.016980449054186247 0.004701068947392462 0.003486761083743839 0.5343509072940213
0.02828036390601115 0.004683794249631862 0.05424168630620867 0.04080641843591934 0.0045031120876035625 0.002698195797904344 0.01515836420207256 0.0015416779472370026 0.01636861396075216 0.024545535240974796 0.023168233119553117 5.7656248433260405e-05 0.08937804584010318 0.022365318053883906 0.008073471166116692 0.014681334973871064 0.42086667125497007 0.007574749857180884 0.08276126892777103 0.09229399562313818 0.025735060668379422 0.002411244700410841 0.01780518743187129
0.025540377771694912 0.07461300243864316 0.03450041175203192 0.008806126776995767 0.01151012796500202 0.002942256603317049 0.3981296912446711 0.000559148520334174 0.012587748331984816 0.05546603934393819 0.01482240331637695 0.00019949850303736534 0.08236657035593867 0.015733876857707663 0.04065060332960446 0.03822224563240329 0.029011201282768472 0.051228764639378116 0.020655672469642172 0.02943319222508279 0.02452621795255414 0.001948078718082581 0.0265467439688094
-2.42861286636753e-17 -6.938893903907228e-18 0.014929785661493014 0.0689948263118995 0.0 -2.6020852139652106e-18 8.326672684688674e-17 -8.673617379884035e-19 0.003048780487804898 0.0060975609756097685 1.734723475976807e-17 0.8821322985957141 0.005487804878048869 1.0408340855860843e-17 -1.734723475976807e-17 0.006097560975609713 -1.3877787807814457e-17 0.009146341463414625 2.7755575615628914e-17 -4.163336342344337e-17 0.0 -2.168404344971009e-18 0.0040650406504065
